2 0.4005681818181819 0.5867003367003367 0.035984848484848515 0.08585858585858581
2 0.3082386363636364 0.47979797979797995 0.031250000000000035 0.06060606060606056
2 0.40719696969696967 0.3863636363636364 0.03598484848484844 0.06565656565656561
2 0.4095643939393939 0.17424242424242423 0.029356060606060552 0.06228956228956232
2 0.6472537878787878 0.5353535353535354 0.03314393939393931 0.06060606060606055
2 0.6609848484848484 0.7887205387205387 0.03598484848484844 0.069023569023569
2 0.5535037878787878 0.20454545454545453 0.03125 0.052188552188552215
2 0.6226325757575758 0.3560606060606061 0.036931818181818205 0.0723905723905724
2 0.6122159090909091 0.19276094276094277 0.027462121212121174 0.04882154882154882
2 0.6089015151515151 0.07154882154882156 0.03219696969696969 0.06228956228956229
2 0.6709280303030303 0.058922558922558925 0.02935606060606062 0.05050505050505052
0 0.6193181818181819 0.44696969696969696 0.01704545454545446 0.05555555555555557
