2 0.3366477272727273 0.5252525252525253 0.03314393939393938 0.06060606060606062
2 0.3309659090909091 0.24326599326599324 0.031250000000000035 0.05892255892255889
2 0.40767045454545453 0.06986531986531987 0.027462121212121247 0.05555555555555555
2 0.4029356060606061 0.7643097643097643 0.040719696969696954 0.0740740740740742
2 0.5568181818181819 0.31565656565656564 0.035984848484848515 0.062289562289562284
2 0.6160037878787878 0.19528619528619529 0.03693181818181813 0.060606060606060615
2 0.6609848484848484 0.16498316498316498 0.03219696969696983 0.05723905723905725
2 0.6732954545454546 0.07996632996632996 0.03409090909090907 0.06565656565656566
2 0.6311553030303031 0.41835016835016836 0.029356060606060694 0.05555555555555557
2 0.6392045454545454 0.718013468013468 0.03787878787878789 0.06228956228956235
2 0.6775568181818181 0.6026936026936027 0.04640151515151516 0.06397306397306401
3 0.5795454545454546 0.7457912457912457 0.05871212121212124 0.16498316498316498
