2 0.3262310606060606 0.08585858585858584 0.03503787878787879 0.050505050505050504
2 0.33996212121212127 0.34090909090909094 0.03409090909090907 0.0757575757575757
2 0.22064393939393936 0.9654882154882155 0.041666666666666644 0.069023569023569
2 0.4086174242424242 0.5042087542087542 0.038825757575757576 0.07239057239057246
2 0.5601325757575758 0.5092592592592592 0.036931818181818205 0.07239057239057231
2 0.6212121212121212 0.33754208754208753 0.03409090909090914 0.058922558922558925
2 0.6425189393939393 0.2760942760942761 0.03314393939393938 0.06397306397306395
2 0.6747159090909091 0.1851851851851852 0.03882575757575751 0.063973063973064
2 0.7211174242424243 0.7685185185185185 0.0426136363636364 0.06565656565656568
2 0.6482007575757577 0.9217171717171717 0.035037878787878826 0.06565656565656568
