2 0.31676136363636365 0.32407407407407407 0.031250000000000035 0.06902356902356896
2 0.41145833333333326 0.24663299663299665 0.03125 0.05555555555555556
2 0.40577651515151514 0.41919191919191917 0.03125 0.07744107744107744
2 0.41429924242424243 0.05892255892255891 0.027462121212121247 0.053872053872053856
2 0.5582386363636364 0.3762626262626263 0.03693181818181813 0.062289562289562284
2 0.6330492424242425 0.5176767676767677 0.036931818181818205 0.06902356902356907
2 0.6387310606060604 0.7154882154882155 0.03314393939393978 0.06060606060606058
2 0.6226325757575758 0.3341750841750841 0.03125 0.05892255892255896
2 0.6160037878787878 0.21043771043771045 0.027462121212121247 0.06734006734006734
2 0.5530303030303031 0.10858585858585858 0.03219696969696962 0.05892255892255891
2 0.6756628787878788 0.1607744107744108 0.03125 0.058922558922558946
2 0.6751893939393939 0.056397306397306404 0.028409090909090936 0.05555555555555557
