2 0.3039772727272727 0.49747474747474746 0.03409090909090914 0.07575757575757577
2 0.32907196969696967 0.8720538720538721 0.03882575757575761 0.08080808080808069
2 0.4081439393939394 0.2735690235690236 0.03409090909090907 0.062289562289562284
2 0.5672348484848484 0.6759259259259259 0.035984848484848515 0.05892255892255889
2 0.6410984848484849 0.6910774410774411 0.035984848484848515 0.05892255892255889
2 0.7225378787878788 0.8265993265993267 0.03598484848484844 0.06060606060606062
2 0.6283143939393937 0.45286195286195285 0.03125000000000038 0.05387205387205389
2 0.6268939393939393 0.35185185185185186 0.03219696969696962 0.05387205387205384
2 0.6131628787878788 0.1851851851851852 0.0255681818181818 0.06397306397306395
2 0.546875 0.05723905723905725 0.035037878787878896 0.06734006734006735
3 0.5677083333333333 0.44612794612794615 0.057765151515151485 0.1616161616161616
