2 0.31676136363636365 0.3552188552188552 0.03503787878787879 0.06060606060606062
2 0.40530303030303033 0.45033670033670037 0.03409090909090907 0.07575757575757577
2 0.41145833333333326 0.27525252525252525 0.035037878787878826 0.06565656565656564
2 0.4128787878787879 0.07996632996632996 0.03030303030303031 0.05218855218855219
2 0.5558712121212122 0.3451178451178451 0.03409090909090907 0.06397306397306395
2 0.5535037878787878 0.07828282828282829 0.03125 0.06228956228956229
2 0.6197916666666666 0.30303030303030304 0.03125 0.05387205387205384
2 0.6316287878787878 0.4865319865319866 0.039772727272727335 0.08080808080808076
2 0.6150568181818181 0.18013468013468015 0.03314393939393931 0.05723905723905723
2 0.6756628787878788 0.1372053872053872 0.02935606060606062 0.05555555555555555
2 0.6770833333333333 0.0361952861952862 0.026515151515151558 0.04882154882154882
2 0.6434659090909091 0.6801346801346801 0.03882575757575751 0.06397306397306408
0 0.6302083333333333 0.5993265993265994 0.014204545454545468 0.07070707070707073
2 0.6699810606060602 0.9587542087542092 0.03503787878787955 0.08249158249158185
