2 0.31676136363636365 0.33080808080808083 0.03503787878787879 0.055555555555555546
2 0.40672348484848486 0.4242424242424242 0.03314393939393938 0.06734006734006734
2 0.4133522727272727 0.255050505050505 0.03125 0.06565656565656568
2 0.41429924242424243 0.06481481481481481 0.03125 0.062289562289562284
2 0.5568181818181819 0.36952861952861954 0.035984848484848515 0.05892255892255896
2 0.5553977272727273 0.10101010101010102 0.03125 0.06397306397306397
2 0.6145833333333334 0.20370370370370366 0.03219696969696969 0.06060606060606059
2 0.6221590909090908 0.32407407407407407 0.03409090909090907 0.05555555555555557
2 0.6335227272727273 0.5109427609427609 0.03787878787878789 0.069023569023569
0 0.6292613636363636 0.6245791245791246 0.021780303030302973 0.06397306397306408
2 0.6387310606060607 0.7020202020202021 0.040719696969696885 0.05723905723905716
2 0.6751893939393938 0.1531986531986532 0.032196969696969543 0.060606060606060615
2 0.6761363636363636 0.04882154882154882 0.03219696969696969 0.047138047138047146
