2 0.32907196969696967 0.1043771043771044 0.02935606060606062 0.05387205387205389
2 0.34090909090909094 0.3535353535353535 0.03219696969696969 0.06060606060606055
2 0.4086174242424242 0.5235690235690236 0.035037878787878826 0.07407407407407404
2 0.5596590909090909 0.4915824915824916 0.035984848484848515 0.07407407407407413
2 0.6197916666666667 0.32491582491582494 0.03314393939393931 0.05050505050505048
2 0.6444128787878788 0.26851851851851855 0.02935606060606062 0.052188552188552215
2 0.6761363636363636 0.17845117845117844 0.03598484848484844 0.07070707070707073
2 0.6349431818181819 0.5639730639730639 0.03314393939393938 0.06060606060606062
2 0.7178030303030303 0.7575757575757575 0.04356060606060609 0.06397306397306395
2 0.6463068181818181 0.8973063973063974 0.040719696969696885 0.05050505050505052
3 0.5838068181818182 0.930976430976431 0.0710227272727272 0.13804713804713814
