2 0.2566287878787879 0.7996632996632996 0.03977272727272723 0.07407407407407404
2 0.40340909090909094 0.5252525252525253 0.03598484848484844 0.06734006734006741
2 0.5591856060606061 0.36447811447811446 0.03314393939393945 0.0555555555555555
2 0.6169507575757575 0.2154882154882155 0.029356060606060552 0.05050505050505048
2 0.6060606060606061 0.11952861952861951 0.03219696969696969 0.047138047138047125
3 0.5601325757575758 0.17592592592592593 0.04829545454545446 0.13636363636363638
2 0.6453598484848484 0.4419191919191919 0.03124999999999993 0.04882154882154879
2 0.5677083333333333 0.7037037037037038 0.036931818181818205 0.06397306397306395
2 0.6444128787878788 0.7432659932659934 0.03693181818181813 0.07239057239057231
2 0.7125946969696969 0.5715488215488216 0.035037878787878896 0.062289562289562284
2 0.6524621212121212 0.9166666666666665 0.03787878787878789 0.07575757575757577
