2 0.31770833333333326 0.24326599326599324 0.031249999999999965 0.05892255892255889
2 0.4128787878787879 0.16666666666666663 0.03030303030303031 0.06060606060606061
2 0.4105113636363636 0.32407407407407407 0.036931818181818205 0.0723905723905724
2 0.5610795454545454 0.49074074074074076 0.03314393939393938 0.06565656565656568
2 0.6207386363636364 0.3047138047138047 0.03125 0.06734006734006737
2 0.5563446969696969 0.20959595959595959 0.02935606060606062 0.062289562289562284
2 0.6766098484848484 0.11952861952861951 0.027462121212121247 0.047138047138047125
2 0.6827651515151516 0.22558922558922562 0.03787878787878796 0.06397306397306397
2 0.6268939393939393 0.4284511784511784 0.03598484848484844 0.062289562289562284
2 0.6387310606060607 0.6346801346801347 0.04261363636363647 0.07070707070707066
0 0.6368371212121212 0.76010101010101 0.021780303030302973 0.07239057239057246
2 0.6216856060606061 0.8316498316498318 0.038825757575757576 0.06734006734006727
