2 0.30445075757575757 0.5151515151515151 0.03503787878787879 0.07744107744107744
2 0.3991477272727273 0.6203703703703703 0.03693181818181813 0.0757575757575757
2 0.40767045454545453 0.4175084175084175 0.03125 0.06734006734006741
2 0.40767045454545453 0.196969696969697 0.03125 0.06734006734006734
2 0.6212121212121212 0.3207070707070707 0.03787878787878789 0.06228956228956225
2 0.5539772727272727 0.17592592592592593 0.03219696969696976 0.05218855218855216
2 0.6079545454545454 0.16498316498316498 0.03030303030303024 0.05723905723905725
2 0.6070075757575758 0.04545454545454545 0.03219696969696962 0.05387205387205388
2 0.6690340909090909 0.041245791245791245 0.03125 0.04882154882154882
2 0.6496212121212122 0.5050505050505051 0.03219696969696976 0.06397306397306401
2 0.6581439393939393 0.7533670033670035 0.03598484848484844 0.058922558922559036
0 0.6188446969696969 0.4158249158249159 0.012310606060606091 0.06397306397306401
