2 0.27083333333333337 0.7104377104377104 0.03598484848484848 0.07744107744107737
2 0.40482954545454547 0.452020202020202 0.02935606060606062 0.06565656565656568
2 0.6036931818181818 0.04208754208754209 0.03125 0.04377104377104377
2 0.6103219696969697 0.1910774410774411 0.03314393939393945 0.052188552188552215
2 0.6254734848484849 0.2878787878787879 0.03314393939393938 0.05387205387205388
2 0.5615530303030303 0.45707070707070707 0.03787878787878789 0.05555555555555557
2 0.6415719696969697 0.5151515151515151 0.03314393939393938 0.05050505050505052
2 0.5743371212121212 0.8223905723905724 0.040719696969696954 0.06565656565656568
2 0.6491477272727273 0.8442760942760943 0.038825757575757576 0.06565656565656554
2 0.7154356060606061 0.6523569023569025 0.03693181818181813 0.05892255892255875
3 0.5625 0.25841750841750843 0.053030303030302976 0.132996632996633
