2 0.4005681818181819 0.7171717171717171 0.035984848484848515 0.07744107744107737
2 0.2978219696969697 0.05976430976430977 0.03125 0.04208754208754209
2 0.4128787878787879 0.10521885521885521 0.03219696969696969 0.062289562289562284
2 0.5516098484848484 0.18602693602693607 0.03314393939393945 0.04882154882154882
2 0.6074810606060607 0.07828282828282829 0.03314393939393938 0.05218855218855219
2 0.5634469696969697 0.4823232323232324 0.03409090909090907 0.062289562289562284
2 0.6557765151515151 0.29292929292929293 0.02935606060606062 0.05050505050505048
2 0.6974431818181818 0.4158249158249159 0.03125 0.06060606060606062
2 0.6335227272727273 0.5462962962962963 0.03787878787878789 0.069023569023569
2 0.6382575757575758 0.6868686868686867 0.03409090909090907 0.07070707070707058
2 0.5710227272727273 0.8114478114478115 0.039772727272727265 0.05723905723905716
2 0.65625 0.9511784511784512 0.043560606060605946 0.08754208754208748
