2 0.31202651515151514 0.45117845117845123 0.03503787878787879 0.06734006734006734
2 0.40246212121212127 0.5521885521885522 0.03787878787878789 0.07744107744107744
2 0.4081439393939394 0.35858585858585856 0.03030303030303031 0.06734006734006734
2 0.40909090909090906 0.15067340067340068 0.03030303030303031 0.058922558922558925
2 0.553030303030303 0.23905723905723908 0.035984848484848515 0.05723905723905723
2 0.6231060606060607 0.3796296296296296 0.035984848484848515 0.06565656565656568
2 0.6122159090909091 0.21801346801346802 0.03314393939393931 0.05555555555555554
2 0.609375 0.09595959595959595 0.02935606060606062 0.05723905723905725
2 0.6699810606060607 0.07491582491582491 0.02935606060606062 0.04882154882154882
0 0.6221590909090909 0.48063973063973064 0.015151515151515155 0.062289562289562284
2 0.6472537878787878 0.5707070707070707 0.036931818181818274 0.06060606060606055
2 0.6609848484848484 0.8291245791245792 0.039772727272727335 0.06565656565656554
