2 0.33570075757575757 0.5075757575757576 0.03503787878787876 0.06228956228956229
2 0.33238636363636365 0.22811447811447813 0.032196969696969724 0.06565656565656564
2 0.4086174242424242 0.056397306397306404 0.02935606060606062 0.05555555555555557
2 0.40624999999999994 0.7348484848484849 0.039772727272727196 0.0791245791245791
2 0.5572916666666667 0.33585858585858586 0.035037878787878826 0.06565656565656561
2 0.6164772727272727 0.2121212121212121 0.03409090909090907 0.05050505050505048
2 0.637310606060606 0.734006734006734 0.03409090909090907 0.06060606060606075
2 0.6794507575757575 0.6136363636363636 0.04450757575757578 0.06565656565656575
2 0.6325757575757577 0.43350168350168355 0.03219696969696976 0.04882154882154879
2 0.6581439393939393 0.17003367003367004 0.026515151515151558 0.05723905723905723
2 0.6751893939393939 0.08501683501683502 0.03787878787878782 0.058922558922558925
3 0.5804924242424242 0.7651515151515151 0.06060606060606069 0.18013468013468015
