2 0.2608901515151515 0.6414141414141414 0.03503787878787879 0.06734006734006741
2 0.3347537878787879 0.09932659932659932 0.03503787878787876 0.05387205387205387
2 0.41382575757575757 0.15993265993265993 0.03219696969696969 0.06060606060606062
2 0.6136363636363636 0.17845117845117844 0.028409090909090863 0.050505050505050504
2 0.6770833333333335 0.40572390572390576 0.039772727272727335 0.06060606060606062
2 0.6259469696969697 0.5025252525252526 0.035984848484848585 0.05892255892255896
2 0.6576704545454546 0.5723905723905724 0.040719696969696885 0.05387205387205384
2 0.5686553030303031 0.8829966329966331 0.04450757575757578 0.08585858585858588
2 0.6463068181818181 0.8905723905723906 0.036931818181818274 0.06734006734006741
1 0.6723484848484849 0.12457912457912457 0.05681818181818187 0.1750841750841751
