2 0.3068181818181818 0.4654882154882155 0.03598484848484848 0.07239057239057246
2 0.41003787878787873 0.2474747474747475 0.03219696969696976 0.06397306397306401
2 0.328125 0.8257575757575757 0.03693181818181816 0.06565656565656568
2 0.5473484848484849 0.08333333333333334 0.03409090909090914 0.06228956228956229
2 0.6145833333333333 0.20875420875420875 0.028409090909090936 0.047138047138047125
2 0.6292613636363636 0.37794612794612786 0.03314393939393952 0.05218855218855218
2 0.6292613636363636 0.4764309764309764 0.03314393939393952 0.05387205387205384
2 0.5681818181818182 0.7146464646464646 0.03787878787878796 0.069023569023569
2 0.6410984848484849 0.7205387205387204 0.03409090909090907 0.06060606060606075
2 0.7244318181818181 0.8526936026936027 0.035984848484848585 0.069023569023569
3 0.5686553030303031 0.47138047138047134 0.053977272727272804 0.14814814814814808
