2 0.2571022727272727 0.7104377104377104 0.036931818181818205 0.07070707070707073
2 0.33996212121212127 0.13973063973063973 0.03409090909090907 0.06060606060606061
2 0.41335227272727265 0.22053872053872056 0.035037878787878826 0.06734006734006734
2 0.6103219696969697 0.12878787878787878 0.029356060606060552 0.04545454545454547
1 0.6680871212121212 0.09427609427609428 0.053977272727272665 0.1750841750841751
2 0.6785037878787878 0.35858585858585856 0.035037878787878896 0.07744107744107744
2 0.6264204545454546 0.45370370370370366 0.02935606060606062 0.048821548821548856
2 0.6893939393939393 0.4621212121212121 0.00568181818181813 0.005050505050505052
2 0.6439393939393939 0.5218855218855218 0.03598484848484837 0.06397306397306395
2 0.5677083333333333 0.8055555555555556 0.040719696969696954 0.0791245791245791
2 0.6420454545454547 0.8274410774410775 0.035984848484848585 0.05892255892255888
