3 0.5577651515151515 0.1734006734006734 0.053030303030302976 0.13804713804713806
2 0.25473484848484845 0.8097643097643098 0.039772727272727265 0.06397306397306395
2 0.40482954545454547 0.5345117845117845 0.03125 0.05892255892255896
2 0.6046401515151516 0.1144781144781145 0.029356060606060552 0.047138047138047146
2 0.6178977272727273 0.20791245791245794 0.03125 0.052188552188552145
2 0.5582386363636364 0.3560606060606062 0.03503787878787876 0.06228956228956229
2 0.6453598484848484 0.4351851851851852 0.03125 0.05555555555555556
2 0.7116477272727272 0.5656565656565656 0.03125 0.06397306397306401
2 0.5691287878787878 0.6952861952861953 0.039772727272727265 0.06734006734006727
2 0.6448863636363636 0.7289562289562289 0.03787878787878782 0.06734006734006741
2 0.6505681818181819 0.9057239057239056 0.041666666666666644 0.06397306397306395
