2 0.30871212121212127 0.14562289562289563 0.0340909090909091 0.04882154882154882
2 0.40577651515151514 0.06565656565656566 0.027462121212121247 0.05723905723905725
2 0.3986742424242425 0.8594276094276094 0.035984848484848515 0.07239057239057246
2 0.41382575757575757 0.20791245791245794 0.03409090909090907 0.07239057239057242
2 0.5511363636363636 0.07828282828282827 0.03219696969696976 0.04545454545454545
2 0.5667613636363636 0.6506734006734007 0.03314393939393945 0.06565656565656568
2 0.5591856060606061 0.34175084175084175 0.03314393939393945 0.05050505050505048
2 0.6680871212121212 0.20454545454545453 0.02935606060606062 0.052188552188552215
2 0.6898674242424243 0.32323232323232326 0.029356060606060483 0.060606060606060615
2 0.6240530303030303 0.42508417508417506 0.03409090909090907 0.05892255892255896
2 0.6306818181818182 0.5597643097643098 0.035984848484848585 0.06565656565656561
2 0.6477272727272728 0.7895622895622896 0.04356060606060609 0.07744107744107737
0 0.6482007575757575 0.9402356902356902 0.021780303030302973 0.06565656565656554
