2 0.3025568181818182 0.10774410774410775 0.03314393939393938 0.06060606060606062
2 0.4133522727272727 0.16329966329966328 0.02935606060606062 0.0707070707070707
2 0.39962121212121215 0.7946127946127945 0.03787878787878789 0.07070707070707073
2 0.5691287878787878 0.7188552188552189 0.03787878787878789 0.06734006734006727
2 0.6496212121212122 0.8611111111111112 0.04356060606060609 0.0791245791245791
2 0.6344696969696969 0.6111111111111112 0.03787878787878796 0.05723905723905723
2 0.6302083333333333 0.4797979797979798 0.03314393939393931 0.06734006734006734
2 0.5520833333333333 0.12205387205387205 0.03409090909090907 0.04882154882154882
2 0.6642992424242425 0.2432659932659933 0.03125 0.04208754208754211
2 0.6931818181818181 0.35942760942760943 0.030303030303030453 0.05555555555555557
