2 0.3262310606060606 0.9292929292929293 0.040719696969697024 0.07407407407407404
2 0.29545454545454547 0.5412457912457912 0.035984848484848515 0.069023569023569
2 0.40672348484848486 0.30976430976430974 0.02935606060606062 0.06060606060606059
2 0.6107954545454546 0.1574074074074074 0.03030303030303024 0.05555555555555557
2 0.6207386363636364 0.31986531986531985 0.03314393939393945 0.06060606060606059
2 0.628314393939394 0.4175084175084175 0.035037878787878826 0.05387205387205384
2 0.5677083333333333 0.632154882154882 0.035037878787878826 0.062289562289562284
2 0.6415719696969697 0.6531986531986533 0.03503787878787876 0.06397306397306395
2 0.71875 0.7912457912457911 0.035984848484848585 0.07070707070707073
3 0.5653409090909091 0.4065656565656565 0.053030303030302976 0.14983164983164982
