2 0.2637310606060606 0.6304713804713804 0.036931818181818205 0.07239057239057231
2 0.3328598484848485 0.08585858585858587 0.03125 0.05723905723905724
2 0.4161931818181818 0.14309764309764308 0.03314393939393938 0.06397306397306397
2 0.6160037878787878 0.19276094276094277 0.02935606060606062 0.04882154882154882
1 0.6742424242424242 0.13552188552188552 0.053030303030303115 0.1734006734006734
2 0.6751893939393939 0.4175084175084175 0.03787878787878782 0.06397306397306395
2 0.6259469696969694 0.515993265993266 0.030303030303030627 0.0656565656565654
2 0.6647727272727272 0.5900673400673401 0.039772727272727335 0.062289562289562284
2 0.5705492424242425 0.9048821548821547 0.038825757575757576 0.08585858585858588
2 0.6496212121212122 0.9107744107744108 0.035984848484848585 0.06734006734006741
